0 0 0 0 0 0 0 0 0 0 0 0 0 0 0 0 0 0 0 0 0
0 0 0 0 0 0 0 0 0 0 0 0 0 0 0 0 0 0 0 0 0
0 0 0 0 0 0 0 0 0 0 0 0 0 0 0 0 0 0 0 0 0
0 0 0 0 0 0 0 0 0 0 0 0 0 0 0 0 0 0 0 0 0
0 0 0 0 0 0 0 0 0 0 0 0 0 0 0 0 0 0 0 0 0
0 0 0 0 0 0 0 0 0 0 0 0 0 0 0 0 0 0 0 0 0
0 0 0 0 0 0 0 0 0 0 0 0 0 0 0 0 0 0 0 0 M
0 0 0 0 0 0 0 0 0 0 0 0 0 0 0 0 0 0 1 1 1
0 0 0 0 0 0 0 C 0 0 0 C 0 0 0 0 0 0 0 0 0
0 0 0 0 0 1 1 1 0 0 0 I 0 0 0 0 1 1 0 0 0
X 0 C 0 0 0 0 0 0 E 0 I 0 E 0 0 0 0 0 0 0
1 1 1 1 0 0 0 0 1 1 1 1 1 1 1 0 0 0 0 0 0
